filter_node::filter_node(int start_node){
  node=start_node;
  distance_to= new int[6][6];

  int[6] distance_between= [99,99,100,101,101,99]
   distance_to= [
    {0,     99, 198,298,-201, -100 },
    {-99,   0, 99,199,300, -199},
    {-198,-99 , 0,100,201,302},
    {-298,-199, -100, 0, 101, 202},
    {201,-300, -201, -101,0,101},
    {100,199, -302,-202, -101, 0},
   ]



}
